63445220751, 1101, -4881.4, -899.04, 507.78, 5.96
63445220752, 1101, -4851.34, -896.8, 508.32, 0.07
63445220753, 1101, -4819.13, -897.21, 508.84, 6.19
63445220754, 1101, -4788.1, -900.67, 509.74, 6.17
63445220760, 1101, -4636.85, -1022.92, 504.12, 5.24
63445220761, 1101, -4630.87, -1040.09, 503.68, 4.97
63445220762, 1101, -4625.84, -1063.34, 503.89, 4.85
63445220763, 1101, -4633.32, -1079.23, 501.3, 3.54
63445220764, 1101, -4633.87, -1079.44, 501.3, 3.52
63445220765, 1101, -4633.87, -1079.44, 501.3, 3.52
63445220766, 1101, -4634.2, -1090.42, 501.22, 5.04
63445220767, 1101, -4634.2, -1090.42, 501.22, 5.04
63445220768, 1101, -4634.2, -1090.42, 501.22, 5.04
63445220769, 1101, -4634.2, -1090.42, 501.22, 5.04
63445220770, 1101, -4623.11, -1095.77, 501.26, 0.13
63445220771, 1101, -4613.22, -1095.14, 504.98, 0.04
63445220772, 1101, -4613.22, -1095.14, 504.98, 0.04
63445220773, 1101, -4613.22, -1095.14, 504.98, 0.04
63445220774, 1101, -4613.22, -1095.14, 504.98, 0.04
63445220775, 1101, -4613.22, -1095.14, 504.98, 0.04
63445220776, 1101, -4613.22, -1095.14, 504.98, 0.04
63445220777, 1101, -4613.22, -1095.14, 504.98, 0.04
63445220778, 1101, -4613.22, -1095.14, 504.98, 0.04
63445220779, 1101, -4613.22, -1095.14, 504.98, 0.04
63445220780, 1101, -4613.22, -1095.14, 504.98, 0.04
63445220781, 1101, -4616.84, -1093.45, 503.71, 3.05
63445220782, 1101, -4627.99, -1083.03, 501.22, 1.82
63445220783, 1101, -4628.23, -1075.53, 501.35, 1.59
63445220784, 1101, -4627.92, -1071.97, 501.42, 1.55
63445220785, 1101, -4627.92, -1071.97, 501.42, 1.55
63445220786, 1101, -4627.92, -1071.97, 501.42, 1.55
63445220787, 1101, -4627.92, -1071.97, 501.42, 1.55
63445220788, 1101, -4627.92, -1071.97, 501.42, 1.55
63445220789, 1101, -4627.92, -1071.97, 501.42, 1.55
63445220790, 1101, -4627.92, -1071.97, 501.42, 1.55
63445220791, 1101, -4627.74, -1064.81, 501.38, 1.55
63445220792, 1101, -4630.28, -1049.66, 500.94, 1.86
63445220793, 1101, -4632.4, -1036.35, 501.3, 1.86
63445220794, 1101, -4635.54, -1025.93, 501.64, 1.86
63445220795, 1101, -4640.74, -1011.67, 501.65, 1.98
63445220796, 1101, -4648.48, -998.43, 501.65, 2.21
63445220797, 1101, -4656.37, -988.89, 505.09, 2.32
63445220798, 1101, -4673.47, -970.55, 514.93, 2.32
63445220799, 1101, -4682.81, -960.53, 511.88, 3.9
63445220800, 1101, -4697.3, -975.14, 511.35, 3.54
63445220801, 1101, -4727.21, -984.93, 512.96, 3.44
63445220802, 1101, -4752.84, -999.33, 512.67, 4.07
63445220803, 1101, -4772.97, -1023.38, 513.49, 4.14
63445220804, 1101, -4783.28, -1068.57, 514.29, 4.49
63445220805, 1101, -4788.45, -1090.24, 515.07, 4.48
63445220806, 1101, -4794.18, -1114.52, 515.94, 4.48
63445220807, 1101, -4796.83, -1125.8, 516.35, 4.48
63445220808, 1101, -4796.83, -1125.8, 516.35, 4.48
63445220809, 1101, -4796.83, -1125.8, 516.35, 4.48
63445220810, 1101, -4796.83, -1125.8, 516.35, 4.48
63445220811, 1101, -4796.83, -1125.8, 516.35, 4.48
63445220812, 1101, -4796.83, -1125.8, 516.35, 4.48
63445220813, 1101, -4796.83, -1125.8, 516.35, 4.48
63445220814, 1101, -4796.83, -1125.8, 516.35, 4.48
63445220815, 1101, -4796.83, -1125.8, 516.35, 4.48
63445220816, 1101, -4796.83, -1125.8, 516.35, 4.48
63445220817, 1101, -4796.83, -1125.8, 516.35, 4.48
63445220818, 1101, -4796.83, -1125.8, 516.35, 4.48
63445220819, 1101, -4795.21, -1131.17, 516.58, 4.97
63445220820, 1101, -4797.29, -1150.56, 516.89, 4.35
63445220821, 1101, -4797.29, -1150.56, 516.89, 4.35
63445220822, 1101, -4797.29, -1150.56, 516.89, 4.35
63445220823, 1101, -4797.29, -1150.56, 516.89, 4.35
63445220824, 1101, -4795.86, -1149.04, 516.58, 2.58
63445220825, 1101, -4794.03, -1146.67, 516.21, 0.97
63445220826, 1101, -4788.1, -1121.19, 515.8, 1.46
63445220827, 1101, -4780.42, -1084.7, 514.67, 1.04
63445220828, 1101, -4770.19, -1067.07, 512.27, 1.04
63445220829, 1101, -4770.19, -1067.07, 512.27, 1.04
63445220830, 1101, -4770.19, -1067.07, 512.27, 1.04
63445220831, 1101, -4770.19, -1067.07, 512.27, 1.04
63445220832, 1101, -4788.81, -1060.64, 512.22, 2.88
63445220833, 1101, -4812.14, -1074.68, 513.48, 4.21
63445220834, 1101, -4827.2, -1102.89, 515.11, 4.23
63445220835, 1101, -4825.54, -1133.41, 515.37, 5.52
63445220836, 1101, -4801.99, -1154.27, 513.66, 5.67
63445220837, 1101, -4775.38, -1166, 511.42, 5.92
63445220838, 1101, -4761.65, -1175.54, 508.78, 4.71
63445220839, 1101, -4765.66, -1177.79, 508.55, 4.49
63445220840, 1101, -4765.66, -1177.79, 508.55, 4.49
63445220841, 1101, -4768.61, -1182.03, 509.39, 5.14
63445220842, 1101, -4766.94, -1183.87, 509.39, 2.69
63445220843, 1101, -4764.67, -1187.38, 509.39, 0.32
63445220844, 1101, -4764.07, -1189.04, 509.39, 0.34
63445220845, 1101, -4764.07, -1189.04, 509.39, 0.34
63445220846, 1101, -4764.07, -1189.04, 509.39, 0.34
63445220847, 1101, -4764.07, -1189.04, 509.39, 0.34
63445220848, 1101, -4764.07, -1189.04, 509.39, 0.34
63445220849, 1101, -4764.07, -1189.04, 509.39, 0.34
63445220850, 1101, -4764.07, -1189.04, 509.39, 0.34
63445220851, 1101, -4764.07, -1189.04, 509.39, 0.99
63445220852, 1101, -4767.26, -1186.35, 509.39, 1.94
63445220853, 1101, -4769.51, -1181.18, 509.39, 2.01
63445220854, 1101, -4769.51, -1181.18, 509.39, 2.01
63445220855, 1101, -4769.51, -1181.18, 509.39, 2.01
63445220856, 1101, -4769.74, -1180.69, 511.18, 2.01
63445220857, 1101, -4774.69, -1165.29, 506.56, 1.56
63445220858, 1101, -4774.69, -1165.29, 506.56, 1.56
63445220859, 1101, -4783.5, -1164.91, 502.21, 3.28
63445220860, 1101, -4783.5, -1164.91, 502.21, 3.28
63445220861, 1101, -4783.5, -1164.91, 502.21, 3.28
63445220862, 1101, -4783.5, -1164.91, 502.21, 4.71
63445220863, 1101, -4783.5, -1164.91, 502.21, 4.71
63445220864, 1101, -4783.43, -1165.07, 502.21, 5.12
63445220865, 1101, -4782.56, -1167.06, 502.21, 5.12
63445220866, 1101, -4780.6, -1173.87, 502.21, 4.97
63445220867, 1101, -4780.32, -1174.9, 502.21, 4.73
63445220868, 1101, -4780.32, -1174.9, 502.21, 4.73
63445220869, 1101, -4786.44, -1173.86, 502.21, 2.97
63445220870, 1101, -4791.26, -1173.04, 502.21, 2.97
63445220871, 1101, -4798.11, -1171.86, 502.21, 2.97
63445220872, 1101, -4804.2, -1170.82, 502.21, 2.97
63445220873, 1101, -4802.58, -1170.04, 502.21, 0.24
63445220874, 1101, -4795.74, -1168.43, 502.21, 0.25
63445220875, 1101, -4790.38, -1166.43, 502.21, 0.43
63445220876, 1101, -4784.18, -1162.92, 502.21, 0.52
63445220877, 1101, -4778.1, -1159.42, 502.21, 0.52
63445220878, 1101, -4772.19, -1155.8, 502.21, 0.64
63445220879, 1101, -4767.49, -1150.94, 502.21, 0.96
63445220880, 1101, -4764.83, -1146.11, 502.21, 0.56
63445220881, 1101, -4765.9, -1145.68, 502.21, 2.77
63445220882, 1101, -4772.63, -1143.27, 501.72, 2.79
63445220883, 1101, -4773.51, -1142.95, 501.47, 2.79
63445220884, 1101, -4773.51, -1142.95, 501.47, 2.79
63445220885, 1101, -4772.24, -1141.01, 501.26, 0.93
63445220886, 1101, -4767.55, -1135.67, 500.92, 0.86
63445220887, 1101, -4764.74, -1132.42, 500.71, 0.86
63445220888, 1101, -4764.74, -1132.42, 500.71, 1.47
63445220889, 1101, -4763.21, -1135.3, 501.71, 5.2
63445220890, 1101, -4759.77, -1141.23, 502.21, 5.26
63445220891, 1101, -4755.88, -1147.55, 502.21, 5.26
63445220892, 1101, -4751.99, -1153.47, 502.21, 5.42
63445220893, 1101, -4748.3, -1158.87, 502.21, 5.5
63445220894, 1101, -4748.3, -1158.87, 502.21, 5.81
63445220895, 1101, -4748.3, -1158.87, 502.21, 5.81
63445220896, 1101, -4746.91, -1159.44, 502.21, 5.97
63445220897, 1101, -4745.18, -1160.05, 502.21, 3.06
63445220898, 1101, -4744.35, -1160.2, 502.21, 0.06
63445220899, 1101, -4744.35, -1160.2, 502.21, 0.06
63445220900, 1101, -4744.35, -1160.2, 502.21, 0.06
63445220901, 1101, -4744.35, -1160.2, 502.21, 0.06
63445220902, 1101, -4744.48, -1160.22, 502.21, 1.68
63445220903, 1101, -4747.7, -1160.33, 502.21, 1.65
63445220904, 1101, -4754.01, -1160.88, 502.21, 3.27
63445220905, 1101, -4764.33, -1163.98, 502.19, 3.65
63445220906, 1101, -4766.08, -1169.91, 503.44, 5.05
63445220907, 1101, -4763.94, -1176.67, 508.06, 4.36
63445220908, 1101, -4768.26, -1182.28, 509.39, 4.54
63445220909, 1101, -4765.69, -1188.09, 509.39, 6.24
63445220910, 1101, -4764.85, -1188.02, 509.39, 0.11
63445220911, 1101, -4764.85, -1188.02, 509.39, 0.11
63445220912, 1101, -4764.85, -1188.02, 509.39, 0.11
63445220913, 1101, -4764.85, -1188.02, 509.39, 0.11
63445220914, 1101, -4764.85, -1188.02, 509.39, 0.11
63445220915, 1101, -4764.85, -1188.02, 509.39, 0.11
63445220916, 1101, -4765.35, -1187.65, 509.39, 0.85
63445220917, 1101, -4767.18, -1185.15, 509.39, 2.27
63445220918, 1101, -4770.08, -1178.93, 508.12, 2.23
63445220919, 1101, -4772.59, -1172.8, 505.27, 2.46
63445220920, 1101, -4774.63, -1168.5, 502.2, 1.35
63445220921, 1101, -4773.45, -1166.23, 502.2, 0.75
63445220923, 1101, -4773.45, -1166.23, 502.2, 0.75
63445220924, 1101, -4772.08, -1164.94, 502.19, 0.75
63445220925, 1101, -4757.63, -1162.18, 502.21, 6.12
63445220926, 1101, -4733.52, -1187.3, 509.24, 5.26
63445220927, 1101, -4722.7, -1204.94, 511.32, 5.26
63445220928, 1101, -4718.01, -1212.58, 511.73, 5.26
63445220929, 1101, -4718.01, -1212.58, 511.73, 5.26
63445220930, 1101, -4718.01, -1212.58, 511.73, 5.26
63445220931, 1101, -4718.01, -1212.58, 511.73, 5.26
63445220932, 1101, -4718.01, -1212.58, 511.73, 5.26
63445220933, 1101, -4718.01, -1212.58, 511.73, 5.26
63445220934, 1101, -4719.8, -1209.8, 511.51, 3.7
63445220935, 1101, -4739.12, -1185.71, 512.55, 2.27
63445220936, 1101, -4759.41, -1161.32, 513.97, 2.26
63445220937, 1101, -4783.82, -1132.99, 515.14, 2.36
63445220938, 1101, -4812.02, -1121.9, 516.13, 2.95
63445220939, 1101, -4833.88, -1114.6, 516.03, 2.66
63445220940, 1101, -4856.14, -1093.08, 511.27, 2.22
63445220941, 1101, -4874.25, -1068.53, 505.75, 2.22
63445220942, 1101, -4890.59, -1055.32, 503.45, 2.84
63445220946, 1101, -4960.54, -989.58, 507.34, 2.38
63445220947, 1101, -4977.67, -972.71, 508.88, 2.35
63445220948, 1101, -5000.13, -949.75, 509.4, 2.35
63445220949, 1101, -5007.38, -922.84, 509.47, 1.12
63445220950, 1101, -4989.1, -898.96, 509.41, 0.78
63445224036, 1101, -4961.02, -983.78, 511.17, 5.6
63445224037, 1101, -4947.49, -1010.31, 504.01, 5.03
63445224038, 1101, -4943.32, -1027.92, 501.53, 5.67
63445224039, 1101, -4920.7, -1040.94, 504.01, 5.76
63445224040, 1101, -4905.34, -1047.64, 506.03, 5.83
63445224042, 1101, -4874.14, -1063.66, 502.19, 5.54
63445224043, 1101, -4862.79, -1084.1, 512.13, 5.16
63445224044, 1101, -4846.53, -1110.96, 513.34, 5.3
63445224045, 1101, -4826.36, -1136.09, 512.76, 5.69
63445224046, 1101, -4800.28, -1153.81, 512.21, 5.69
63445224047, 1101, -4780.81, -1167.89, 512.09, 5.58
63445224048, 1101, -4767.77, -1181.68, 509.4, 5.24
63445224049, 1101, -4767.77, -1181.68, 509.4, 5.24
63445224050, 1101, -4767.78, -1182.01, 509.4, 5.07
63445224051, 1101, -4766.22, -1185.54, 509.39, 5.63
63445224052, 1101, -4763.3, -1186.99, 509.39, 6.25
63445224053, 1101, -4763.34, -1188.3, 509.39, 0.82
63445224054, 1101, -4764.46, -1187.27, 509.39, 2.44
63445224055, 1101, -4764.46, -1187.27, 509.39, 2.44
63445224056, 1101, -4765.1, -1186.73, 509.39, 2.44
63445224057, 1101, -4769.26, -1181.46, 509.39, 2.01
63445224058, 1101, -4770.17, -1179.52, 510.59, 2.01
63445224059, 1101, -4770.17, -1179.52, 510.59, 2.01
63445224060, 1101, -4770.17, -1179.52, 510.59, 2.01
63445224061, 1101, -4771.71, -1175.09, 513.28, 1.83
63445224062, 1101, -4759.11, -1149.27, 514.08, 0.32
63445224063, 1101, -4736.95, -1164.69, 511.26, 5.29
63445224064, 1101, -4718.06, -1188.9, 512.2, 5.41
63445224065, 1101, -4692.89, -1200.25, 509.87, 0.31
63445224066, 1101, -4663.76, -1187.91, 508.42, 0.41
63445224067, 1101, -4635.58, -1172.14, 503.37, 0.93
63445224068, 1101, -4628.16, -1143.36, 503.79, 1.68
63445224069, 1101, -4627.23, -1111.79, 504.84, 1.51
63445224070, 1101, -4623.43, -1097.94, 503.95, 0.58
63445224071, 1101, -4613.85, -1094.26, 504.87, 0.11
63445224072, 1101, -4613.85, -1094.26, 504.87, 0.11
63445224073, 1101, -4613.85, -1094.26, 504.87, 0.11
63445224074, 1101, -4613.85, -1094.26, 504.87, 0.11
63445224075, 1101, -4613.85, -1094.26, 504.87, 0.11
63445224076, 1101, -4613.85, -1094.26, 504.87, 0.11
63445224077, 1101, -4613.85, -1094.26, 504.87, 0.11
63445224078, 1101, -4613.85, -1094.26, 504.87, 0.11
63445224079, 1101, -4613.85, -1094.26, 504.87, 0.11
63445224080, 1101, -4613.85, -1094.26, 504.87, 0.11
63445224081, 1101, -4618.72, -1099.15, 503.28, 3.85
63445224082, 1101, -4630.98, -1092.86, 501.22, 1.64
63445224083, 1101, -4629.86, -1083.34, 501.22, 1.41
63445224084, 1101, -4630, -1053.85, 504.15, 1.65
63445224085, 1101, -4637.73, -1022.93, 503.5, 1.92
63445224086, 1101, -4655.42, -998.44, 506.92, 2.44
63445224087, 1101, -4673.5, -972.82, 506.9, 2.07
63445224089, 1101, -4708.88, -931.17, 507.87, 2.67
63445224090, 1101, -4736.16, -917.36, 510.06, 2.67
63445224091, 1101, -4764.68, -907.13, 511.48, 2.98
63445224092, 1101, -4797.09, -906.43, 510.38, 3.21
63445224093, 1101, -4829.57, -906.69, 509.01, 3.13
63445224094, 1101, -4861.04, -908.33, 508.35, 3.35
63445224095, 1101, -4889.59, -922.51, 509.1, 3.72
63445224096, 1101, -4915.71, -939.48, 509.95, 3.72
63445224097, 1101, -4942.54, -958.08, 510.11, 2.64
63445224098, 1101, -4950.67, -929.37, 506.77, 1.52
63445224099, 1101, -4951.02, -909.09, 503.84, 1.55
63445224100, 1101, -4950.25, -904.56, 503.84, 1.47
63445224101, 1101, -4950.25, -904.56, 503.84, 1.47
63445224102, 1101, -4950.68, -904.21, 503.84, 0.9
63445224103, 1101, -4950.68, -904.21, 503.84, 0.9
63445224104, 1101, -4950.68, -904.21, 503.84, 0.9
63445224105, 1101, -4950.68, -904.21, 503.84, 0.9
63445224106, 1101, -4950.68, -904.21, 503.84, 0.9
63445224107, 1101, -4950.68, -904.21, 503.84, 0.9
63445224108, 1101, -4950.68, -904.21, 503.84, 0.9
63445224109, 1101, -4950.68, -904.21, 503.84, 0.9
63445224110, 1101, -4950.68, -904.21, 503.84, 0.9
63445224111, 1101, -4950.68, -904.21, 503.84, 0.9
63445224112, 1101, -4950.68, -904.21, 503.84, 0.9
63445224113, 1101, -4950.68, -904.21, 503.84, 0.9
63445224114, 1101, -4950.68, -904.21, 503.84, 0.9
63445224115, 1101, -4950.68, -904.21, 503.84, 0.9
63445224116, 1101, -4950.68, -904.21, 503.84, 0.9
63445224117, 1101, -4950.68, -904.21, 503.84, 0.9
63445224118, 1101, -4950.68, -904.21, 503.84, 0.9
63445224119, 1101, -4950.68, -904.21, 503.84, 0.9
63445224120, 1101, -4950.68, -904.21, 503.84, 0.9
63445224121, 1101, -4950.68, -904.21, 503.84, 0.9
63445224122, 1101, -4950.68, -904.21, 503.84, 0.9
63445224123, 1101, -4950.68, -904.21, 503.84, 0.9
63445224124, 1101, -4950.68, -904.21, 503.84, 0.9
63445224125, 1101, -4950.68, -904.21, 503.84, 0.9
63445224126, 1101, -4950.68, -904.21, 503.84, 0.9
63445224127, 1101, -4950.68, -904.21, 503.84, 0.9
63445224128, 1101, -4950.68, -904.21, 503.84, 0.9
63445224129, 1101, -4950.68, -904.21, 503.84, 0.9
63445224130, 1101, -4950.68, -904.21, 503.84, 0.9
63445224131, 1101, -4950.68, -904.21, 503.84, 0.9
63445224132, 1101, -4950.68, -904.21, 503.84, 0.9
63445224133, 1101, -4950.68, -904.21, 503.84, 0.9
63445224134, 1101, -4950.68, -904.21, 503.84, 0.9
63445224135, 1101, -4950.68, -904.21, 503.84, 0.9
63445224136, 1101, -4950.68, -904.21, 503.84, 0.9
63445224137, 1101, -4950.68, -904.21, 503.84, 0.9
63445224138, 1101, -4950.68, -904.21, 503.84, 0.9
63445224139, 1101, -4950.68, -904.21, 503.84, 0.9
63445224140, 1101, -4950.68, -904.21, 503.84, 0.9
63445224141, 1101, -4950.68, -904.21, 503.84, 0.9
63445224142, 1101, -4950.68, -904.21, 503.84, 0.9
63445224143, 1101, -4950.68, -904.21, 503.84, 0.9
63445224144, 1101, -4950.68, -904.21, 503.84, 0.9
63445224145, 1101, -4950.68, -904.21, 503.84, 0.9
63445224146, 1101, -4950.68, -904.21, 503.84, 0.9
63445224147, 1101, -4950.68, -904.21, 503.84, 0.9
63445224148, 1101, -4950.68, -904.21, 503.84, 0.9
63445224149, 1101, -4950.68, -904.21, 503.84, 0.9
63445224150, 1101, -4950.68, -904.21, 503.84, 0.9
63445224151, 1101, -4950.68, -904.21, 503.84, 0.9
63445224152, 1101, -4950.68, -904.21, 503.84, 0.9
63445224153, 1101, -4950.68, -904.21, 503.84, 0.9
63445224154, 1101, -4950.68, -904.21, 503.84, 0.9
63445224155, 1101, -4950.68, -904.21, 503.84, 0.9
63445224156, 1101, -4950.68, -904.21, 503.84, 0.9
63445224157, 1101, -4950.68, -904.21, 503.84, 0.9
63445224158, 1101, -4950.68, -904.21, 503.84, 0.9
63445224159, 1101, -4950.68, -904.21, 503.84, 0.9
63445224160, 1101, -4950.68, -904.21, 503.84, 0.9
63445224161, 1101, -4950.68, -904.21, 503.84, 0.9
63445224162, 1101, -4950.68, -904.21, 503.84, 0.9
63445224163, 1101, -4950.68, -904.21, 503.84, 0.9
63445224164, 1101, -4950.68, -904.21, 503.84, 0.9
63445224165, 1101, -4950.68, -904.21, 503.84, 0.9
63445224166, 1101, -4950.68, -904.21, 503.84, 0.9
63445224167, 1101, -4950.68, -904.21, 503.84, 0.9
63445224168, 1101, -4950.68, -904.21, 503.84, 0.9
63445224169, 1101, -4950.68, -904.21, 503.84, 0.9
63445224170, 1101, -4950.68, -904.21, 503.84, 0.9
63445224171, 1101, -4950.68, -904.21, 503.84, 0.9
63445224172, 1101, -4950.68, -904.21, 503.84, 0.9
63445224173, 1101, -4950.68, -904.21, 503.84, 0.9
63445224174, 1101, -4950.68, -904.21, 503.84, 0.9
63445224175, 1101, -4950.68, -904.21, 503.84, 0.9
63445224176, 1101, -4950.68, -904.21, 503.84, 0.9
63445224177, 1101, -4950.68, -904.21, 503.84, 0.9
63445224178, 1101, -4950.68, -904.21, 503.84, 0.9
63445224179, 1101, -4950.68, -904.21, 503.84, 0.9
63445224180, 1101, -4950.68, -904.21, 503.84, 0.9
63445224181, 1101, -4950.68, -904.21, 503.84, 0.9
63445224182, 1101, -4950.68, -904.21, 503.84, 0.9
63445224183, 1101, -4950.68, -904.21, 503.84, 0.9
63445224184, 1101, -4950.68, -904.21, 503.84, 0.9
63445224185, 1101, -4950.68, -904.21, 503.84, 0.9
63445224186, 1101, -4950.68, -904.21, 503.84, 0.9
63445224187, 1101, -4950.68, -904.21, 503.84, 0.9
63445224188, 1101, -4950.68, -904.21, 503.84, 0.9
63445224189, 1101, -4950.68, -904.21, 503.84, 0.9
63445224190, 1101, -4950.68, -904.21, 503.84, 0.9
63445224191, 1101, -4950.68, -904.21, 503.84, 0.9
63445224192, 1101, -4950.68, -904.21, 503.84, 0.9
63445224193, 1101, -4950.68, -904.21, 503.84, 0.9
63445224194, 1101, -4950.68, -904.21, 503.84, 0.9
63445224195, 1101, -4950.68, -904.21, 503.84, 0.9
63445224196, 1101, -4950.68, -904.21, 503.84, 0.9
63445224197, 1101, -4950.68, -904.21, 503.84, 0.9
63445224198, 1101, -4950.68, -904.21, 503.84, 0.9
63445224199, 1101, -4950.68, -904.21, 503.84, 0.9
63445224200, 1101, -4950.68, -904.21, 503.84, 0.9
63445224201, 1101, -4950.68, -904.21, 503.84, 0.9
63445224202, 1101, -4950.68, -904.21, 503.84, 0.9
63445224203, 1101, -4950.68, -904.21, 503.84, 0.9
63445224204, 1101, -4950.68, -904.21, 503.84, 0.9
63445224205, 1101, -4950.68, -904.21, 503.84, 0.9
63445224206, 1101, -4950.68, -904.21, 503.84, 0.9
63445224207, 1101, -4950.68, -904.21, 503.84, 0.9
63445224208, 1101, -4950.68, -904.21, 503.84, 0.9
63445224209, 1101, -4950.68, -904.21, 503.84, 0.9
63445224210, 1101, -4950.68, -904.21, 503.84, 0.9
63445224211, 1101, -4950.68, -904.21, 503.84, 0.9
63445224212, 1101, -4950.68, -904.21, 503.84, 0.9
63445224213, 1101, -4950.68, -904.21, 503.84, 0.9
63445224214, 1101, -4950.68, -904.21, 503.84, 0.9
63445224215, 1101, -4950.68, -904.21, 503.84, 0.9
63445224216, 1101, -4950.68, -904.21, 503.84, 0.9
63445224217, 1101, -4950.68, -904.21, 503.84, 0.9
63445224218, 1101, -4950.68, -904.21, 503.84, 0.9
63445224219, 1101, -4950.68, -904.21, 503.84, 0.9
63445224220, 1101, -4950.68, -904.21, 503.84, 0.9
63445224221, 1101, -4950.68, -904.21, 503.84, 0.9
63445224222, 1101, -4950.68, -904.21, 503.84, 0.9
63445224223, 1101, -4950.68, -904.21, 503.84, 0.9
63445224224, 1101, -4950.68, -904.21, 503.84, 0.9
63445224225, 1101, -4950.68, -904.21, 503.84, 0.9
63445224226, 1101, -4950.68, -904.21, 503.84, 0.9
63445224227, 1101, -4950.68, -904.21, 503.84, 0.9
63445224228, 1101, -4950.68, -904.21, 503.84, 0.9
63445224229, 1101, -4950.68, -904.21, 503.84, 0.9
63445224230, 1101, -4950.68, -904.21, 503.84, 0.9
63445224231, 1101, -4950.68, -904.21, 503.84, 0.9
63445224232, 1101, -4950.68, -904.21, 503.84, 0.9
63445224233, 1101, -4950.68, -904.21, 503.84, 0.9
63445224234, 1101, -4950.68, -904.21, 503.84, 0.9
63445224235, 1101, -4950.68, -904.21, 503.84, 0.9
63445224236, 1101, -4950.68, -904.21, 503.84, 0.9
63445224237, 1101, -4950.68, -904.21, 503.84, 0.9
63445224238, 1101, -4950.68, -904.21, 503.84, 0.9
63445224239, 1101, -4950.68, -904.21, 503.84, 0.9
63445224240, 1101, -4950.68, -904.21, 503.84, 0.9
63445224241, 1101, -4950.68, -904.21, 503.84, 0.9
63445224242, 1101, -4950.68, -904.21, 503.84, 0.9
63445224243, 1101, -4950.68, -904.21, 503.84, 0.9
63445224244, 1101, -4950.68, -904.21, 503.84, 0.9
63445224245, 1101, -4950.68, -904.21, 503.84, 0.9
63445224246, 1101, -4950.68, -904.21, 503.84, 0.9
63445224247, 1101, -4950.68, -904.21, 503.84, 0.9
63445224248, 1101, -4950.68, -904.21, 503.84, 0.9
63445224249, 1101, -4950.68, -904.21, 503.84, 0.9
63445224250, 1101, -4950.68, -904.21, 503.84, 0.9
63445224251, 1101, -4950.68, -904.21, 503.84, 0.9
63445224252, 1101, -4950.68, -904.21, 503.84, 0.9
63445224253, 1101, -4950.68, -904.21, 503.84, 0.9
63445224254, 1101, -4950.68, -904.21, 503.84, 0.9
63445224255, 1101, -4950.68, -904.21, 503.84, 0.9
63445224256, 1101, -4950.68, -904.21, 503.84, 0.9
63445224257, 1101, -4950.68, -904.21, 503.84, 0.9
63445224258, 1101, -4950.68, -904.21, 503.84, 0.9
63445224259, 1101, -4950.68, -904.21, 503.84, 0.9
63445224260, 1101, -4950.68, -904.21, 503.84, 0.9
63445224261, 1101, -4950.68, -904.21, 503.84, 0.9
63445224262, 1101, -4950.68, -904.21, 503.84, 0.9
63445224263, 1101, -4950.68, -904.21, 503.84, 0.9
63445224264, 1101, -4950.68, -904.21, 503.84, 0.9
63445224265, 1101, -4950.68, -904.21, 503.84, 0.9
63445224266, 1101, -4950.68, -904.21, 503.84, 0.9
63445224267, 1101, -4950.68, -904.21, 503.84, 0.9
63445224268, 1101, -4950.68, -904.21, 503.84, 0.9
63445224269, 1101, -4950.68, -904.21, 503.84, 0.9
63445224270, 1101, -4950.68, -904.21, 503.84, 0.9
63445224271, 1101, -4950.68, -904.21, 503.84, 0.9
63445224272, 1101, -4950.68, -904.21, 503.84, 0.9
63445224273, 1101, -4950.68, -904.21, 503.84, 0.9
63445224274, 1101, -4950.68, -904.21, 503.84, 0.9
63445224275, 1101, -4950.68, -904.21, 503.84, 0.9
63445224276, 1101, -4950.68, -904.21, 503.84, 0.9
63445224277, 1101, -4950.68, -904.21, 503.84, 0.9
63445224278, 1101, -4950.68, -904.21, 503.84, 0.9
63445224279, 1101, -4950.68, -904.21, 503.84, 0.9
63445224280, 1101, -4950.68, -904.21, 503.84, 0.9
63445224281, 1101, -4950.68, -904.21, 503.84, 0.9
63445224282, 1101, -4950.68, -904.21, 503.84, 0.9
63445224283, 1101, -4950.68, -904.21, 503.84, 0.9
63445224284, 1101, -4950.68, -904.21, 503.84, 0.9
63445224285, 1101, -4950.68, -904.21, 503.84, 0.9
63445224286, 1101, -4950.68, -904.21, 503.84, 0.9
63445224287, 1101, -4950.68, -904.21, 503.84, 0.9
63445224288, 1101, -4950.68, -904.21, 503.84, 0.9
63445224289, 1101, -4950.68, -904.21, 503.84, 0.9
63445224290, 1101, -4950.68, -904.21, 503.84, 0.9
63445224291, 1101, -4950.68, -904.21, 503.84, 0.9
63445224292, 1101, -4950.68, -904.21, 503.84, 0.9
63445224293, 1101, -4950.68, -904.21, 503.84, 0.9
63445224294, 1101, -4950.68, -904.21, 503.84, 0.9
63445224295, 1101, -4950.68, -904.21, 503.84, 0.9
63445224296, 1101, -4950.68, -904.21, 503.84, 0.9
63445224297, 1101, -4950.68, -904.21, 503.84, 0.9
63445224298, 1101, -4950.68, -904.21, 503.84, 0.9
63445224299, 1101, -4950.68, -904.21, 503.84, 0.9
63445224300, 1101, -4950.68, -904.21, 503.84, 0.9
63445224301, 1101, -4950.68, -904.21, 503.84, 0.9
63445224302, 1101, -4950.68, -904.21, 503.84, 0.9
63445224303, 1101, -4950.68, -904.21, 503.84, 0.9
63445224304, 1101, -4950.68, -904.21, 503.84, 0.9
63445224305, 1101, -4950.68, -904.21, 503.84, 0.9
63445224306, 1101, -4950.68, -904.21, 503.84, 0.9
63445224307, 1101, -4950.68, -904.21, 503.84, 0.9
63445224308, 1101, -4950.68, -904.21, 503.84, 0.9
63445224309, 1101, -4950.68, -904.21, 503.84, 0.9
63445224310, 1101, -4950.68, -904.21, 503.84, 0.9
63445224311, 1101, -4950.68, -904.21, 503.84, 0.9
63445224312, 1101, -4950.68, -904.21, 503.84, 0.9
63445224313, 1101, -4950.68, -904.21, 503.84, 0.9
63445224314, 1101, -4950.68, -904.21, 503.84, 0.9
63445224315, 1101, -4950.68, -904.21, 503.84, 0.9
63445224316, 1101, -4950.68, -904.21, 503.84, 0.9
63445224317, 1101, -4950.68, -904.21, 503.84, 0.9
63445224318, 1101, -4950.68, -904.21, 503.84, 0.9
63445224319, 1101, -4950.68, -904.21, 503.84, 0.9
63445224320, 1101, -4950.68, -904.21, 503.84, 0.9
63445224321, 1101, -4950.68, -904.21, 503.84, 0.9
63445224322, 1101, -4950.68, -904.21, 503.84, 0.9
63445224323, 1101, -4950.68, -904.21, 503.84, 0.9
63445224324, 1101, -4950.68, -904.21, 503.84, 0.9
63445224325, 1101, -4950.68, -904.21, 503.84, 0.9
63445224326, 1101, -4950.68, -904.21, 503.84, 0.9
63445224327, 1101, -4950.68, -904.21, 503.84, 0.9
63445224328, 1101, -4950.68, -904.21, 503.84, 0.9
63445224329, 1101, -4950.68, -904.21, 503.84, 0.9
63445224330, 1101, -4950.68, -904.21, 503.84, 0.9
63445224331, 1101, -4950.68, -904.21, 503.84, 0.9
63445224332, 1101, -4950.68, -904.21, 503.84, 0.9
63445224333, 1101, -4950.68, -904.21, 503.84, 0.9
63445224334, 1101, -4950.68, -904.21, 503.84, 0.9
63445224335, 1101, -4950.68, -904.21, 503.84, 0.9
63445224336, 1101, -4950.68, -904.21, 503.84, 0.9
63445224337, 1101, -4950.68, -904.21, 503.84, 0.9
63445224338, 1101, -4950.68, -904.21, 503.84, 0.9
63445224339, 1101, -4950.68, -904.21, 503.84, 0.9
63445224340, 1101, -4950.68, -904.21, 503.84, 0.9
63445224341, 1101, -4950.68, -904.21, 503.84, 0.9
63445224342, 1101, -4950.68, -904.21, 503.84, 0.9
63445224343, 1101, -4950.68, -904.21, 503.84, 0.9
63445224344, 1101, -4950.68, -904.21, 503.84, 0.9
63445224345, 1101, -4950.68, -904.21, 503.84, 0.9
63445224346, 1101, -4950.68, -904.21, 503.84, 0.9
63445224347, 1101, -4950.68, -904.21, 503.84, 0.9
63445224348, 1101, -4950.68, -904.21, 503.84, 0.9
63445224349, 1101, -4950.68, -904.21, 503.84, 0.9
63445224350, 1101, -4950.68, -904.21, 503.84, 0.9
63445224351, 1101, -4950.68, -904.21, 503.84, 0.9
63445224352, 1101, -4950.68, -904.21, 503.84, 0.9
63445224353, 1101, -4950.68, -904.21, 503.84, 0.9
63445224354, 1101, -4950.68, -904.21, 503.84, 0.9
63445224355, 1101, -4950.68, -904.21, 503.84, 0.9
63445224356, 1101, -4950.68, -904.21, 503.84, 0.9
63445224357, 1101, -4950.68, -904.21, 503.84, 0.9
63445224358, 1101, -4950.68, -904.21, 503.84, 0.9
63445224359, 1101, -4950.68, -904.21, 503.84, 0.9
63445224360, 1101, -4950.68, -904.21, 503.84, 0.9
63445224361, 1101, -4950.68, -904.21, 503.84, 0.9
63445224362, 1101, -4950.68, -904.21, 503.84, 0.9
63445224363, 1101, -4950.68, -904.21, 503.84, 0.9
63445224364, 1101, -4950.68, -904.21, 503.84, 0.9
63445224365, 1101, -4950.68, -904.21, 503.84, 0.9
63445224366, 1101, -4950.68, -904.21, 503.84, 0.9
63445224367, 1101, -4950.68, -904.21, 503.84, 0.9
63445224368, 1101, -4950.68, -904.21, 503.84, 0.9
63445224369, 1101, -4950.68, -904.21, 503.84, 0.9
63445224370, 1101, -4950.68, -904.21, 503.84, 0.9
63445224371, 1101, -4950.68, -904.21, 503.84, 0.9
63445224372, 1101, -4950.68, -904.21, 503.84, 0.9
63445224373, 1101, -4950.68, -904.21, 503.84, 0.9
63445224374, 1101, -4950.68, -904.21, 503.84, 0.9
63445224375, 1101, -4950.68, -904.21, 503.84, 0.9
63445224376, 1101, -4950.68, -904.21, 503.84, 0.9
63445224377, 1101, -4950.68, -904.21, 503.84, 0.9
63445224378, 1101, -4950.68, -904.21, 503.84, 0.9
63445224379, 1101, -4950.68, -904.21, 503.84, 0.9
63445224380, 1101, -4950.68, -904.21, 503.84, 0.9
63445224381, 1101, -4950.68, -904.21, 503.84, 0.9
63445224382, 1101, -4950.68, -904.21, 503.84, 0.9
63445224383, 1101, -4950.68, -904.21, 503.84, 0.9
63445224384, 1101, -4950.68, -904.21, 503.84, 0.9
63445224385, 1101, -4950.68, -904.21, 503.84, 0.9
63445224386, 1101, -4950.68, -904.21, 503.84, 0.9
63445224387, 1101, -4950.68, -904.21, 503.84, 0.9
63445224388, 1101, -4950.68, -904.21, 503.84, 0.9
63445224389, 1101, -4950.68, -904.21, 503.84, 0.9
63445224390, 1101, -4950.68, -904.21, 503.84, 0.9
63445224391, 1101, -4950.68, -904.21, 503.84, 0.9
63445224392, 1101, -4950.68, -904.21, 503.84, 0.9
63445224393, 1101, -4950.68, -904.21, 503.84, 0.9
63445224394, 1101, -4950.68, -904.21, 503.84, 0.9
63445224395, 1101, -4950.68, -904.21, 503.84, 0.9
63445224396, 1101, -4950.68, -904.21, 503.84, 0.9
63445224397, 1101, -4950.68, -904.21, 503.84, 0.9
63445224398, 1101, -4950.68, -904.21, 503.84, 0.9
63445224399, 1101, -4950.68, -904.21, 503.84, 0.9
63445224400, 1101, -4950.68, -904.21, 503.84, 0.9
63445224401, 1101, -4950.68, -904.21, 503.84, 0.9
63445224402, 1101, -4950.68, -904.21, 503.84, 0.9
63445224403, 1101, -4950.68, -904.21, 503.84, 0.9
63445224404, 1101, -4950.68, -904.21, 503.84, 0.9
63445224405, 1101, -4950.68, -904.21, 503.84, 0.9
63445224406, 1101, -4950.68, -904.21, 503.84, 0.9
63445224407, 1101, -4950.68, -904.21, 503.84, 0.9
63445224408, 1101, -4950.68, -904.21, 503.84, 0.9
63445224409, 1101, -4950.68, -904.21, 503.84, 0.9
63445224410, 1101, -4950.68, -904.21, 503.84, 0.9
63445224411, 1101, -4950.68, -904.21, 503.84, 0.9
63445224412, 1101, -4950.68, -904.21, 503.84, 0.9
63445224413, 1101, -4950.68, -904.21, 503.84, 0.9
63445224414, 1101, -4950.68, -904.21, 503.84, 0.9
63445224415, 1101, -4950.68, -904.21, 503.84, 0.9
63445224416, 1101, -4950.68, -904.21, 503.84, 0.9
63445224417, 1101, -4950.68, -904.21, 503.84, 0.9
63445224418, 1101, -4950.68, -904.21, 503.84, 0.9
63445224419, 1101, -4950.68, -904.21, 503.84, 0.9
63445224420, 1101, -4950.68, -904.21, 503.84, 0.9
63445224421, 1101, -4950.68, -904.21, 503.84, 0.9
63445224422, 1101, -4950.68, -904.21, 503.84, 0.9
63445224423, 1101, -4950.68, -904.21, 503.84, 0.9
63445224424, 1101, -4950.68, -904.21, 503.84, 0.9
63445224425, 1101, -4950.68, -904.21, 503.84, 0.9
63445224426, 1101, -4950.68, -904.21, 503.84, 0.9
63445224427, 1101, -4950.68, -904.21, 503.84, 0.9
63445224428, 1101, -4950.68, -904.21, 503.84, 0.9
63445224429, 1101, -4950.68, -904.21, 503.84, 0.9
63445224430, 1101, -4950.68, -904.21, 503.84, 0.9
63445224431, 1101, -4950.68, -904.21, 503.84, 0.9
63445224432, 1101, -4950.68, -904.21, 503.84, 0.9
63445224433, 1101, -4950.68, -904.21, 503.84, 0.9
63445224434, 1101, -4950.68, -904.21, 503.84, 0.9
63445224435, 1101, -4950.68, -904.21, 503.84, 0.9
63445224436, 1101, -4950.68, -904.21, 503.84, 0.9
63445224437, 1101, -4950.68, -904.21, 503.84, 0.9
63445224438, 1101, -4950.68, -904.21, 503.84, 0.9
63445224439, 1101, -4950.68, -904.21, 503.84, 0.9
63445224440, 1101, -4950.68, -904.21, 503.84, 0.9
63445224441, 1101, -4950.68, -904.21, 503.84, 0.9
63445224442, 1101, -4950.68, -904.21, 503.84, 0.9
63445224443, 1101, -4950.68, -904.21, 503.84, 0.9
63445224444, 1101, -4950.68, -904.21, 503.84, 0.9
63445224445, 1101, -4950.68, -904.21, 503.84, 0.9
63445224446, 1101, -4950.68, -904.21, 503.84, 0.9
63445224447, 1101, -4950.68, -904.21, 503.84, 0.9
63445224448, 1101, -4950.68, -904.21, 503.84, 0.9
63445224449, 1101, -4950.68, -904.21, 503.84, 0.9
63445224450, 1101, -4950.68, -904.21, 503.84, 0.9
63445224451, 1101, -4950.68, -904.21, 503.84, 0.9
63445224452, 1101, -4950.68, -904.21, 503.84, 0.9
63445224453, 1101, -4950.68, -904.21, 503.84, 0.9
63445224454, 1101, -4950.68, -904.21, 503.84, 0.9
63445224455, 1101, -4950.68, -904.21, 503.84, 0.9
63445224456, 1101, -4950.68, -904.21, 503.84, 0.9
63445224457, 1101, -4950.68, -904.21, 503.84, 0.9
63445224458, 1101, -4950.68, -904.21, 503.84, 0.9
63445224459, 1101, -4950.68, -904.21, 503.84, 0.9
63445224460, 1101, -4950.68, -904.21, 503.84, 0.9
63445224461, 1101, -4950.68, -904.21, 503.84, 0.9
63445224462, 1101, -4950.68, -904.21, 503.84, 0.9
63445224463, 1101, -4950.68, -904.21, 503.84, 0.9
63445224464, 1101, -4950.68, -904.21, 503.84, 0.9
63445224465, 1101, -4950.68, -904.21, 503.84, 0.9
63445224466, 1101, -4950.68, -904.21, 503.84, 0.9
63445224467, 1101, -4950.68, -904.21, 503.84, 0.9
63445224468, 1101, -4950.68, -904.21, 503.84, 0.9
63445224469, 1101, -4950.68, -904.21, 503.84, 0.9
63445224470, 1101, -4950.68, -904.21, 503.84, 0.9
63445224471, 1101, -4950.68, -904.21, 503.84, 0.9
63445224472, 1101, -4950.68, -904.21, 503.84, 0.9
63445224473, 1101, -4950.68, -904.21, 503.84, 0.9
63445224474, 1101, -4950.68, -904.21, 503.84, 0.9
63445224475, 1101, -4950.68, -904.21, 503.84, 0.9
63445224476, 1101, -4950.68, -904.21, 503.84, 0.9
63445224477, 1101, -4950.68, -904.21, 503.84, 0.9
63445224478, 1101, -4950.68, -904.21, 503.84, 0.9
63445224479, 1101, -4950.68, -904.21, 503.84, 0.9
63445224480, 1101, -4950.68, -904.21, 503.84, 0.9
63445224481, 1101, -4950.68, -904.21, 503.84, 0.9
63445224482, 1101, -4950.68, -904.21, 503.84, 0.9
63445224483, 1101, -4950.68, -904.21, 503.84, 0.9
63445224484, 1101, -4950.68, -904.21, 503.84, 0.9
63445224485, 1101, -4950.68, -904.21, 503.84, 0.9
63445224486, 1101, -4950.68, -904.21, 503.84, 0.9
63445224487, 1101, -4950.68, -904.21, 503.84, 0.9
63445224488, 1101, -4950.68, -904.21, 503.84, 0.9
63445224489, 1101, -4950.68, -904.21, 503.84, 0.9
63445224490, 1101, -4950.68, -904.21, 503.84, 0.9
63445224491, 1101, -4950.68, -904.21, 503.84, 0.9
63445224492, 1101, -4950.68, -904.21, 503.84, 0.9
63445224493, 1101, -4950.68, -904.21, 503.84, 0.9
63445224494, 1101, -4950.68, -904.21, 503.84, 0.9
63445224495, 1101, -4950.68, -904.21, 503.84, 0.9
63445224496, 1101, -4950.68, -904.21, 503.84, 0.9
63445224497, 1101, -4950.68, -904.21, 503.84, 0.9
63445224498, 1101, -4950.68, -904.21, 503.84, 0.9
63445224499, 1101, -4950.68, -904.21, 503.84, 0.9
63445224500, 1101, -4950.68, -904.21, 503.84, 0.9
63445224501, 1101, -4950.68, -904.21, 503.84, 0.9
63445224502, 1101, -4950.68, -904.21, 503.84, 0.9
63445224503, 1101, -4950.68, -904.21, 503.84, 0.9
63445224504, 1101, -4950.68, -904.21, 503.84, 0.9
63445224505, 1101, -4950.68, -904.21, 503.84, 0.9
63445224506, 1101, -4950.68, -904.21, 503.84, 0.9
63445224507, 1101, -4950.68, -904.21, 503.84, 0.9
63445224508, 1101, -4950.68, -904.21, 503.84, 0.9
63445224509, 1101, -4950.68, -904.21, 503.84, 0.9
63445224510, 1101, -4950.68, -904.21, 503.84, 0.9
63445224511, 1101, -4950.68, -904.21, 503.84, 0.9
63445224512, 1101, -4950.68, -904.21, 503.84, 0.9
63445224513, 1101, -4950.68, -904.21, 503.84, 0.9
63445224514, 1101, -4950.68, -904.21, 503.84, 0.9
63445224515, 1101, -4950.68, -904.21, 503.84, 0.9
63445224516, 1101, -4950.68, -904.21, 503.84, 0.9
63445224517, 1101, -4950.68, -904.21, 503.84, 0.9
63445224518, 1101, -4950.68, -904.21, 503.84, 0.9
63445224519, 1101, -4950.68, -904.21, 503.84, 0.9
63445224520, 1101, -4950.68, -904.21, 503.84, 0.9
63445224521, 1101, -4950.68, -904.21, 503.84, 0.9
63445224522, 1101, -4950.68, -904.21, 503.84, 0.9
63445224523, 1101, -4950.68, -904.21, 503.84, 0.9
63445224524, 1101, -4950.68, -904.21, 503.84, 0.9
63445224525, 1101, -4950.68, -904.21, 503.84, 0.9
63445224526, 1101, -4950.68, -904.21, 503.84, 0.9
63445224527, 1101, -4950.68, -904.21, 503.84, 0.9
63445224528, 1101, -4950.68, -904.21, 503.84, 0.9
63445224529, 1101, -4950.68, -904.21, 503.84, 0.9
63445224530, 1101, -4950.68, -904.21, 503.84, 0.9
63445224531, 1101, -4950.68, -904.21, 503.84, 0.9
63445224532, 1101, -4950.68, -904.21, 503.84, 0.9
63445224533, 1101, -4950.68, -904.21, 503.84, 0.9
63445224534, 1101, -4950.68, -904.21, 503.84, 0.9
63445224535, 1101, -4950.68, -904.21, 503.84, 0.9
63445224536, 1101, -4950.68, -904.21, 503.84, 0.9
63445224537, 1101, -4950.68, -904.21, 503.84, 0.9
63445224538, 1101, -4950.68, -904.21, 503.84, 0.9
63445224539, 1101, -4950.68, -904.21, 503.84, 0.9
63445224540, 1101, -4950.68, -904.21, 503.84, 0.9
63445224541, 1101, -4950.68, -904.21, 503.84, 0.9
63445224542, 1101, -4950.68, -904.21, 503.84, 0.9
63445224543, 1101, -4950.68, -904.21, 503.84, 0.9
63445224544, 1101, -4950.68, -904.21, 503.84, 0.9
63445224545, 1101, -4950.68, -904.21, 503.84, 0.9
63445224546, 1101, -4950.68, -904.21, 503.84, 0.9
63445224547, 1101, -4950.68, -904.21, 503.84, 0.9
63445224548, 1101, -4950.68, -904.21, 503.84, 0.9
63445224549, 1101, -4950.68, -904.21, 503.84, 0.9
63445224550, 1101, -4950.68, -904.21, 503.84, 0.9
63445224551, 1101, -4950.68, -904.21, 503.84, 0.9
63445224552, 1101, -4950.68, -904.21, 503.84, 0.9
63445224553, 1101, -4950.68, -904.21, 503.84, 0.9
63445224554, 1101, -4950.68, -904.21, 503.84, 0.9
63445224555, 1101, -4950.68, -904.21, 503.84, 0.9
63445224556, 1101, -4950.68, -904.21, 503.84, 0.9
63445224557, 1101, -4950.68, -904.21, 503.84, 0.9
63445224558, 1101, -4950.68, -904.21, 503.84, 0.9
63445224559, 1101, -4950.68, -904.21, 503.84, 0.9
63445224560, 1101, -4950.68, -904.21, 503.84, 0.9
63445224561, 1101, -4950.68, -904.21, 503.84, 0.9
63445224562, 1101, -4950.68, -904.21, 503.84, 0.9
63445224563, 1101, -4950.68, -904.21, 503.84, 0.9
63445224564, 1101, -4950.68, -904.21, 503.84, 0.9
63445224565, 1101, -4950.68, -904.21, 503.84, 0.9
63445224566, 1101, -4950.68, -904.21, 503.84, 0.9
63445224567, 1101, -4950.68, -904.21, 503.84, 0.9
63445224568, 1101, -4950.68, -904.21, 503.84, 0.9
63445224569, 1101, -4950.68, -904.21, 503.84, 0.9
63445224570, 1101, -4950.68, -904.21, 503.84, 0.9
63445224571, 1101, -4950.68, -904.21, 503.84, 0.9
63445224572, 1101, -4950.68, -904.21, 503.84, 0.9
63445224573, 1101, -4950.68, -904.21, 503.84, 0.9
63445224574, 1101, -4950.68, -904.21, 503.84, 0.9
63445224575, 1101, -4950.68, -904.21, 503.84, 0.9
63445224576, 1101, -4950.68, -904.21, 503.84, 0.9
63445224577, 1101, -4950.68, -904.21, 503.84, 0.9
63445224578, 1101, -4950.68, -904.21, 503.84, 0.9
63445224579, 1101, -4950.68, -904.21, 503.84, 0.9
63445224580, 1101, -4950.68, -904.21, 503.84, 0.9
63445224581, 1101, -4950.68, -904.21, 503.84, 0.9
63445224582, 1101, -4950.68, -904.21, 503.84, 0.9
63445224583, 1101, -4950.68, -904.21, 503.84, 0.9
63445224584, 1101, -4950.68, -904.21, 503.84, 0.9
63445224585, 1101, -4950.68, -904.21, 503.84, 0.9
63445224586, 1101, -4950.68, -904.21, 503.84, 0.9
63445224587, 1101, -4950.68, -904.21, 503.84, 0.9
63445224588, 1101, -4950.68, -904.21, 503.84, 0.9
63445224589, 1101, -4950.68, -904.21, 503.84, 0.9
63445224590, 1101, -4950.68, -904.21, 503.84, 0.9
63445224591, 1101, -4950.68, -904.21, 503.84, 0.9
63445224592, 1101, -4950.68, -904.21, 503.84, 0.9
63445224593, 1101, -4950.68, -904.21, 503.84, 0.9
63445224594, 1101, -4950.68, -904.21, 503.84, 0.9
63445224595, 1101, -4950.68, -904.21, 503.84, 0.9
63445224596, 1101, -4950.68, -904.21, 503.84, 0.9
63445224597, 1101, -4950.68, -904.21, 503.84, 0.9
63445224598, 1101, -4950.68, -904.21, 503.84, 0.9
63445224599, 1101, -4950.68, -904.21, 503.84, 0.9
63445224600, 1101, -4950.68, -904.21, 503.84, 0.9
63445224601, 1101, -4950.68, -904.21, 503.84, 0.9
63445224602, 1101, -4950.68, -904.21, 503.84, 0.9
63445224603, 1101, -4950.68, -904.21, 503.84, 0.9
63445224604, 1101, -4950.68, -904.21, 503.84, 0.9
63445224605, 1101, -4950.68, -904.21, 503.84, 0.9
63445224606, 1101, -4950.68, -904.21, 503.84, 0.9
63445224607, 1101, -4950.68, -904.21, 503.84, 0.9
63445224608, 1101, -4950.68, -904.21, 503.84, 0.9
63445224609, 1101, -4950.68, -904.21, 503.84, 0.9
63445224610, 1101, -4950.68, -904.21, 503.84, 0.9
63445224611, 1101, -4950.68, -904.21, 503.84, 0.9
63445224612, 1101, -4950.68, -904.21, 503.84, 0.9
63445224613, 1101, -4950.68, -904.21, 503.84, 0.9
63445224614, 1101, -4950.68, -904.21, 503.84, 0.9
63445224615, 1101, -4950.68, -904.21, 503.84, 0.9
63445224616, 1101, -4950.68, -904.21, 503.84, 0.9
63445224617, 1101, -4950.68, -904.21, 503.84, 0.9
63445224618, 1101, -4950.68, -904.21, 503.84, 0.9
63445224619, 1101, -4950.68, -904.21, 503.84, 0.9
63445224620, 1101, -4950.68, -904.21, 503.84, 0.9
63445224621, 1101, -4950.68, -904.21, 503.84, 0.9
63445224622, 1101, -4950.68, -904.21, 503.84, 0.9
63445224623, 1101, -4950.68, -904.21, 503.84, 0.9
63445224624, 1101, -4950.68, -904.21, 503.84, 0.9
63445224625, 1101, -4950.68, -904.21, 503.84, 0.9
63445224626, 1101, -4950.68, -904.21, 503.84, 0.9
63445224627, 1101, -4950.68, -904.21, 503.84, 0.9
63445224628, 1101, -4950.68, -904.21, 503.84, 0.9
63445224629, 1101, -4950.68, -904.21, 503.84, 0.9
63445224630, 1101, -4950.68, -904.21, 503.84, 0.9
63445224631, 1101, -4950.68, -904.21, 503.84, 0.9
63445224632, 1101, -4950.68, -904.21, 503.84, 0.9
63445224633, 1101, -4950.68, -904.21, 503.84, 0.9
63445224634, 1101, -4950.68, -904.21, 503.84, 0.9
63445224635, 1101, -4950.68, -904.21, 503.84, 0.9
63445224636, 1101, -4950.68, -904.21, 503.84, 0.9
63445224637, 1101, -4950.68, -904.21, 503.84, 0.9
63445224638, 1101, -4950.68, -904.21, 503.84, 0.9
63445224639, 1101, -4950.68, -904.21, 503.84, 0.9
63445224640, 1101, -4950.68, -904.21, 503.84, 0.9
63445224641, 1101, -4950.68, -904.21, 503.84, 0.9
63445224642, 1101, -4950.68, -904.21, 503.84, 0.9
63445224643, 1101, -4950.68, -904.21, 503.84, 0.9
63445224644, 1101, -4950.68, -904.21, 503.84, 0.9
63445224645, 1101, -4950.68, -904.21, 503.84, 0.9
63445224646, 1101, -4950.68, -904.21, 503.84, 0.9
63445224647, 1101, -4950.68, -904.21, 503.84, 0.9
63445224648, 1101, -4950.68, -904.21, 503.84, 0.9
63445224649, 1101, -4950.68, -904.21, 503.84, 0.9
63445224650, 1101, -4950.68, -904.21, 503.84, 0.9
63445224651, 1101, -4950.68, -904.21, 503.84, 0.9
63445224652, 1101, -4950.68, -904.21, 503.84, 0.9
63445224653, 1101, -4950.68, -904.21, 503.84, 0.9
63445224654, 1101, -4950.68, -904.21, 503.84, 0.9
63445224655, 1101, -4950.68, -904.21, 503.84, 0.9
63445224656, 1101, -4950.68, -904.21, 503.84, 0.9
63445224657, 1101, -4950.68, -904.21, 503.84, 0.9
63445224658, 1101, -4950.68, -904.21, 503.84, 0.9
63445224659, 1101, -4950.68, -904.21, 503.84, 0.9
63445224660, 1101, -4950.68, -904.21, 503.84, 0.9
63445224661, 1101, -4950.68, -904.21, 503.84, 0.9
63445224662, 1101, -4950.68, -904.21, 503.84, 0.9
63445224663, 1101, -4950.68, -904.21, 503.84, 0.9
63445224664, 1101, -4950.68, -904.21, 503.84, 0.9
63445224665, 1101, -4950.68, -904.21, 503.84, 0.9
63445224666, 1101, -4950.68, -904.21, 503.84, 0.9
63445224667, 1101, -4950.68, -904.21, 503.84, 0.9
63445224668, 1101, -4950.68, -904.21, 503.84, 0.9
63445224669, 1101, -4950.68, -904.21, 503.84, 0.9
63445224670, 1101, -4950.68, -904.21, 503.84, 0.9
63445224671, 1101, -4950.68, -904.21, 503.84, 0.9
63445224672, 1101, -4950.68, -904.21, 503.84, 0.9
63445224673, 1101, -4950.68, -904.21, 503.84, 0.9
63445224674, 1101, -4950.68, -904.21, 503.84, 0.9
63445224675, 1101, -4950.68, -904.21, 503.84, 0.9
63445224676, 1101, -4950.68, -904.21, 503.84, 0.9
63445224677, 1101, -4950.68, -904.21, 503.84, 0.9
63445224678, 1101, -4950.68, -904.21, 503.84, 0.9
63445224679, 1101, -4950.68, -904.21, 503.84, 0.9
63445224680, 1101, -4950.68, -904.21, 503.84, 0.9
63445224681, 1101, -4950.68, -904.21, 503.84, 0.9
63445224682, 1101, -4950.68, -904.21, 503.84, 0.9
63445224683, 1101, -4950.68, -904.21, 503.84, 0.9
63445224684, 1101, -4950.68, -904.21, 503.84, 0.9
63445224685, 1101, -4950.68, -904.21, 503.84, 0.9
63445224686, 1101, -4950.68, -904.21, 503.84, 0.9
63445224687, 1101, -4950.68, -904.21, 503.84, 0.9
63445224688, 1101, -4950.68, -904.21, 503.84, 0.9
63445224901, 1101, -4950.68, -904.21, 503.84, 0
63445224902, 1101, -4950.68, -904.21, 503.84, 0
63445224903, 1101, -4950.68, -904.21, 503.84, 0
63445224904, 1101, -4950.68, -904.21, 503.84, 0
63445224905, 1101, -4950.68, -904.21, 503.84, 0
63445224906, 1101, -4950.68, -904.21, 503.84, 0
63445224907, 1101, -4950.68, -904.21, 503.84, 0.48
63445224908, 1101, -4951.34, -906.2, 503.84, 4.57
63445224909, 1101, -4951.1, -913.19, 504.26, 4.78
63445224910, 1101, -4949.66, -920.09, 504.26, 4.97
63445224911, 1101, -4948.65, -926.77, 503.28, 4.56
63445224912, 1101, -4951.42, -933.1, 501.66, 3.99
63445224913, 1101, -4956.24, -938.16, 501.66, 3.98
63445224914, 1101, -4958.2, -940.75, 501.66, 4.14
63445224915, 1101, -4961.56, -944.23, 501.66, 3.85
63445224916, 1101, -4962.35, -944.63, 501.66, 3.77
63445224917, 1101, -4962.35, -944.63, 501.66, 3.77
63445224918, 1101, -4962.35, -944.63, 501.66, 3.77
63445224919, 1101, -4963.24, -942.76, 501.66, 1.91
63445224920, 1101, -4963, -943.43, 501.66, 1.91
63445224921, 1101, -4964.41, -939.45, 501.66, 1.91
63445224922, 1101, -4964.41, -939.45, 501.66, 1.91
63445224923, 1101, -4964.41, -939.45, 501.66, 1.91
63445224924, 1101, -4964.41, -939.45, 501.66, 1.91
63445224925, 1101, -4964.41, -939.45, 501.66, 1.91
63445224926, 1101, -4964.41, -939.45, 501.66, 1.91
63445224927, 1101, -4964.41, -939.45, 501.66, 1.91
63445224928, 1101, -4964.41, -939.45, 501.66, 1.91
63445224929, 1101, -4964.41, -939.45, 501.66, 1.91
63445224930, 1101, -4964.41, -939.45, 501.66, 1.91
63445224931, 1101, -4964.41, -939.45, 501.66, 1.91
63445224932, 1101, -4964.41, -939.45, 501.66, 1.91
63445224933, 1101, -4964.41, -939.45, 501.66, 1.91
63445224934, 1101, -4964.41, -939.45, 501.66, 1.91
63445224935, 1101, -4963.78, -941.78, 501.66, 4.91
63445224936, 1101, -4964.14, -944.07, 501.66, 4.01
63445224937, 1101, -4964.14, -944.07, 501.66, 4.01
63445224938, 1101, -4964.14, -944.07, 501.66, 4.01
63445224939, 1101, -4964.14, -944.07, 501.66, 4.01
63445224940, 1101, -4964.14, -944.07, 501.66, 4.01
63445224941, 1101, -4964.14, -944.07, 501.66, 4.01
63445224942, 1101, -4964.14, -944.07, 501.66, 4.01
63445224943, 1101, -4964.14, -944.07, 501.66, 4.01
63445224944, 1101, -4964.14, -944.07, 501.66, 4.01
63445224945, 1101, -4964.14, -944.07, 501.66, 4.01
63445224946, 1101, -4964.14, -944.07, 501.66, 4.01
63445224947, 1101, -4964.14, -944.07, 501.66, 4.01
63445224948, 1101, -4964.14, -944.07, 501.66, 4.01
63445224949, 1101, -4964.14, -944.07, 501.66, 4.01
63445224950, 1101, -4964.14, -944.07, 501.66, 4.01
63445224951, 1101, -4964.14, -944.07, 501.66, 4.01
63445224952, 1101, -4964.14, -944.07, 501.66, 4.01
63445224953, 1101, -4964.14, -944.07, 501.66, 4.01
63445224954, 1101, -4964.14, -944.07, 501.66, 4.01
63445224955, 1101, -4964.14, -944.07, 501.66, 4.01
63445224956, 1101, -4964.14, -944.07, 501.66, 4.01
63445224957, 1101, -4964.14, -944.07, 501.66, 4.01
63445224958, 1101, -4964.14, -944.07, 501.66, 4.01
63445224959, 1101, -4964.14, -944.07, 501.66, 4.01
63445224960, 1101, -4964.14, -944.07, 501.66, 4.01
63445224961, 1101, -4964.14, -944.07, 501.66, 4.01
63445224962, 1101, -4964.14, -944.07, 501.66, 4.01
63445224963, 1101, -4966.76, -947.34, 501.66, 3.92
63445224964, 1101, -4966.76, -947.34, 501.66, 3.92
63445224965, 1101, -4966.76, -947.34, 501.66, 3.92
63445224966, 1101, -4966.76, -947.34, 501.66, 3.92
63445224967, 1101, -4966.76, -947.34, 501.66, 3.92
63445224968, 1101, -4966.76, -947.34, 501.66, 3.92
63445224969, 1101, -4966.76, -947.34, 501.66, 3.92
63445224970, 1101, -4966.76, -947.34, 501.66, 3.92
63445224971, 1101, -4966.76, -947.34, 501.66, 3.92
63445224972, 1101, -4966.76, -947.34, 501.66, 3.92
63445224973, 1101, -4966.76, -947.34, 501.66, 3.92
63445224974, 1101, -4966.76, -947.34, 501.66, 3.92
63445224975, 1101, -4966.76, -947.34, 501.66, 3.92
63445224976, 1101, -4966.76, -947.34, 501.66, 3.92
63445224977, 1101, -4966.76, -947.34, 501.66, 3.92
63445224978, 1101, -4966.76, -947.34, 501.66, 3.92
63445224979, 1101, -4966.76, -947.34, 501.66, 3.92
63445224980, 1101, -4966.76, -947.34, 501.66, 3.92
63445224981, 1101, -4966.76, -947.34, 501.66, 3.92
63445224982, 1101, -4966.76, -947.34, 501.66, 3.92
63445224983, 1101, -4966.76, -947.34, 501.66, 3.92
63445224984, 1101, -4966.76, -947.34, 501.66, 3.92
63445224985, 1101, -4966.76, -947.34, 501.66, 3.92
63445224986, 1101, -4966.76, -947.34, 501.66, 3.92
63445224987, 1101, -4966.76, -947.34, 501.66, 3.92
63445224988, 1101, -4966.76, -947.34, 501.66, 3.92
63445224989, 1101, -4966.76, -947.34, 501.66, 3.92
63445224990, 1101, -4966.76, -947.34, 501.66, 3.92
63445224991, 1101, -4966.76, -947.34, 501.66, 3.92
63445224992, 1101, -4966.76, -947.34, 501.66, 3.92
63445224993, 1101, -4966.76, -947.34, 501.66, 3.92
63445224994, 1101, -4966.76, -947.34, 501.66, 3.92
63445224995, 1101, -4966.76, -947.34, 501.66, 3.92
63445224996, 1101, -4966.76, -947.34, 501.66, 3.92
63445224997, 1101, -4966.76, -947.34, 501.66, 3.92
63445224998, 1101, -4966.76, -947.34, 501.66, 3.92
63445224999, 1101, -4966.76, -947.34, 501.66, 3.92
63445225000, 1101, -4966.76, -947.34, 501.66, 3.92
63445225001, 1101, -4966.76, -947.34, 501.66, 3.92
63445225002, 1101, -4966.76, -947.34, 501.66, 3.92
63445225003, 1101, -4966.76, -947.34, 501.66, 3.92
63445225004, 1101, -4966.76, -947.34, 501.66, 3.92
63445225005, 1101, -4966.76, -947.34, 501.66, 3.92
63445225006, 1101, -4966.76, -947.34, 501.66, 3.92
63445225007, 1101, -4966.76, -947.34, 501.66, 3.92
63445225008, 1101, -4966.76, -947.34, 501.66, 3.92
63445225009, 1101, -4966.76, -947.34, 501.66, 3.92
63445225010, 1101, -4966.76, -947.34, 501.66, 3.92
63445225011, 1101, -4966.76, -947.34, 501.66, 3.92
63445225012, 1101, -4966.76, -947.34, 501.66, 3.92
63445225013, 1101, -4966.76, -947.34, 501.66, 3.92
63445225014, 1101, -4966.76, -947.34, 501.66, 3.92
63445225015, 1101, -4966.76, -947.34, 501.66, 3.92
63445225016, 1101, -4966.76, -947.34, 501.66, 3.92
63445225017, 1101, -4966.76, -947.34, 501.66, 3.92
63445225018, 1101, -4966.76, -947.34, 501.66, 3.92
63445225019, 1101, -4966.76, -947.34, 501.66, 3.92
63445225020, 1101, -4966.76, -947.34, 501.66, 3.92
63445225021, 1101, -4966.76, -947.34, 501.66, 3.92
63445225022, 1101, -4966.76, -947.34, 501.66, 3.92
63445225023, 1101, -4966.76, -947.34, 501.66, 3.92
63445225024, 1101, -4966.76, -947.34, 501.66, 3.92
63445225025, 1101, -4966.76, -947.34, 501.66, 3.92
63445225026, 1101, -4966.76, -947.34, 501.66, 3.92
63445225027, 1101, -4966.76, -947.34, 501.66, 3.92
63445225028, 1101, -4966.76, -947.34, 501.66, 3.92
63445225029, 1101, -4966.76, -947.34, 501.66, 3.92
63445225030, 1101, -4966.76, -947.34, 501.66, 3.92
63445225031, 1101, -4966.76, -947.34, 501.66, 3.92
63445225032, 1101, -4966.76, -947.34, 501.66, 3.92
63445225033, 1101, -4966.76, -947.34, 501.66, 3.92
63445225034, 1101, -4966.76, -947.34, 501.66, 3.92
63445225035, 1101, -4966.76, -947.34, 501.66, 3.92
63445225036, 1101, -4966.76, -947.34, 501.66, 3.92
63445225037, 1101, -4966.76, -947.34, 501.66, 3.92
63445225038, 1101, -4966.76, -947.34, 501.66, 3.92
63445225039, 1101, -4966.76, -947.34, 501.66, 3.92
63445225040, 1101, -4966.76, -947.34, 501.66, 3.92
63445225041, 1101, -4966.76, -947.34, 501.66, 3.92
63445225042, 1101, -4966.76, -947.34, 501.66, 3.92
63445225043, 1101, -4966.76, -947.34, 501.66, 3.92
63445225044, 1101, -4966.76, -947.34, 501.66, 3.92
63445225045, 1101, -4966.76, -947.34, 501.66, 3.92
63445225046, 1101, -4966.76, -947.34, 501.66, 3.92
63445225047, 1101, -4966.76, -947.34, 501.66, 3.92
63445225048, 1101, -4966.76, -947.34, 501.66, 3.92
63445225049, 1101, -4966.76, -947.34, 501.66, 3.92
63445225050, 1101, -4966.76, -947.34, 501.66, 3.92
63445225051, 1101, -4966.76, -947.34, 501.66, 3.92
63445225052, 1101, -4966.76, -947.34, 501.66, 3.92
63445225053, 1101, -4966.76, -947.34, 501.66, 3.92
63445225054, 1101, -4966.76, -947.34, 501.66, 3.92
63445225055, 1101, -4966.76, -947.34, 501.66, 3.92
63445225056, 1101, -4966.76, -947.34, 501.66, 3.92
63445225057, 1101, -4966.76, -947.34, 501.66, 3.92
63445225058, 1101, -4966.76, -947.34, 501.66, 3.92
63445225059, 1101, -4966.76, -947.34, 501.66, 3.92
63445225060, 1101, -4966.76, -947.34, 501.66, 3.92
63445225061, 1101, -4966.76, -947.34, 501.66, 3.92
63445225062, 1101, -4966.76, -947.34, 501.66, 3.92
63445225063, 1101, -4966.76, -947.34, 501.66, 3.92
63445225064, 1101, -4966.76, -947.34, 501.66, 3.92
63445225065, 1101, -4966.76, -947.34, 501.66, 3.92
63445225066, 1101, -4966.76, -947.34, 501.66, 3.92
63445225067, 1101, -4966.76, -947.34, 501.66, 3.92
63445225068, 1101, -4966.76, -947.34, 501.66, 3.92
63445225069, 1101, -4966.76, -947.34, 501.66, 3.92
63445225070, 1101, -4966.76, -947.34, 501.66, 3.92
63445225071, 1101, -4966.76, -947.34, 501.66, 3.92
63445225072, 1101, -4966.76, -947.34, 501.66, 3.92
63445225073, 1101, -4966.76, -947.34, 501.66, 3.92
63445225074, 1101, -4966.76, -947.34, 501.66, 3.92
63445225075, 1101, -4966.76, -947.34, 501.66, 3.92
63445225076, 1101, -4966.76, -947.34, 501.66, 3.92
63445225077, 1101, -4966.76, -947.34, 501.66, 3.92